18
18
18
18
12
12
12
10
10
10
10
8
8
8
5
5
5
5
8
8

18
18
18
18
12
12
12
10
10
10
10
8
8
8
5
5
5
5
8
8

18
18
18
18
12
12
12
10
10
10
10
8
8
8
5
5
5
5
8
8

18
18
18
18
12
12
12
10
10
10
10
8
8
8
5
5
5
5
8
8

18
18
18
18
12
12
12
10
10
10
10
8
8
8
5
5
5
5
8
8

18
18
18
18
12
12
12
10
10
10
10
8
8
8
5
5
5
5
8
8

18
18
18
18
12
12
12
10
10
10
10
8
8
8
5
5
5
5
8
8

18
18
18
18
12
12
12
10
10
10
10
8
8
8
5
5
5
5
8
8

18
18
18
18
12
12
12
10
10
10
10
8
8
8
5
5
5
5
8
8

18
18
18
18
12
12
12
10
10
10
10
8
8
8
5
5
5
5
8
8

