Your monthly payment will be $71.5172


Month  Interest  Principal Balance
-----------------------------------------------
   1      9.00     62.52   1137.48
   2      8.53     62.99   1074.50
   3      8.06     63.46   1011.04
   4      7.58     63.93    947.10
   5      7.10     64.41    882.69
   6      6.62     64.90    817.79
   7      6.13     65.38    752.41
   8      5.64     65.87    686.54
   9      5.15     66.37    620.17
  10      4.65     66.87    553.30
  11      4.15     67.37    485.93
  12      3.64     67.87    418.06
  13      3.14     68.38    349.68
  14      2.62     68.89    280.78
  15      2.11     69.41    211.37
  16      1.59     69.93    141.44
  17      1.06     70.46     70.98
  18      0.53     70.98      0.00
